shap,lime
0.0,0.0
0.0,-0.014343252684285207
0.0,-0.02577359621301477
0.0,0.0
0.0,0.0
0.0,0.0
0.0,0.0
0.0,0.007605936999194907
0.0,0.0
0.0,0.020132225252384638
0.0,0.010101264565312972
0.0,0.0
0.0,0.0
0.0,0.0
0.0,0.0
0.0,-0.02250607466899021
0.0,0.0
0.0,-0.009940946935895064
0.0,0.0
0.0,0.02628293263501539
0.0,-0.012755937814119125
0.0,-0.0189884766573428
0.0,0.0
0.0,0.01610742499518063
0.0,0.008831080743377627
0.0,0.0
0.0,-0.017363456191867556
0.0,0.02316057074773056
0.0,0.0
0.0,0.0
0.0,0.0
0.0,0.0
0.0,-0.012092517660721665
0.0,0.0
0.0,0.0
0.0,0.0
0.0,0.0
0.0,0.0
0.0,0.009779632944415584
0.0,0.009500034462826426
0.0,0.007566232391022463
0.0,0.0
0.0,0.0
0.0,0.023263968040904928
0.0,0.0
0.0,0.0
0.0,0.0
0.0,0.0
0.0,0.0
0.0,-0.03086178915808735
0.0,0.0
0.0,0.0
0.0,0.0
0.0,0.0
0.0,-0.011847632755967896
0.0,0.0
0.0,0.011550106137374146
0.0,0.0
0.0,0.0
0.0,0.0
0.0,0.0
0.0,-0.010683976679503625
0.0,-0.01025209583693178
0.0,-0.013392450563588745
0.0,0.0
0.0,0.0
0.0,0.028612535109119604
0.0,0.0
0.0,0.007165226220065717
0.0,-0.011011520704794902
0.0,0.0
0.0,-0.012034978170691678
0.0,0.0
0.0,0.0112281972415307
0.0,0.0
0.0,0.0
0.0,0.015988298180739307
0.0,0.022739544012400567
0.0,0.020296790794453155
0.0,0.0
0.0,-0.022190445905947657
0.0,-0.014121980280955302
0.0,0.0
0.0,0.0
0.0,0.0059406406819079985
0.0,0.0
0.0,-0.02043058115557274
0.0,0.0
0.0,-0.009355838825143322
0.0,0.009623698882678994
0.0,-0.024640611844530404
0.0,-0.007171325261310657
0.0,0.010076363027190172
0.0,0.0
0.0,0.0076212122185319656
0.0,0.0
0.0,0.0
0.0,-0.020415100863415452
0.0,0.017319789216855022
0.0,0.0
0.0,0.0
0.0,0.01044396964238763
0.0,-0.014264745232518932
0.0,0.0
0.0,0.0
0.0,-0.01463654709866993
0.0,0.009168453156048032
0.0,0.0
0.0,0.0
0.0,0.0
0.0,0.0
0.0,-0.017788554084015182
0.0,0.030832473022637637
0.0,-0.03299591440356605
0.0,-0.02858422549743703
0.0,0.0
0.0,0.019452151429190045
0.0,0.014132344294507819
0.0,-0.01531291189976765
0.0,0.0
0.0,0.0
0.0,0.007902429584123941
0.0,0.0
0.0,0.0
0.0,0.0
0.0,0.0
0.0,0.0
0.0,0.0
0.0,0.0
0.0,0.0
0.0,0.0
0.0,0.01924768971776144
0.0,0.0
0.0,0.0
0.0,0.011652285037395849
0.0,-0.03474718553892964
0.0,0.012259868111890632
0.0,0.0
0.0,0.0
0.0,-0.025270946233925243
0.0,-0.010206800093396261
0.0,0.0
0.0,0.0
0.0,-0.0370096463840929
0.0,0.0
0.0,0.0
0.0,0.0
0.0,0.0
0.0,0.0
0.0,0.0
0.0,0.0
0.0,0.0
0.0,0.0
0.0,0.009137213990033262
0.0,-0.02387145414651481
0.0,0.0
0.0,0.0
0.0,0.0
0.0,0.0
0.0,0.0
0.0,-0.022151992738943048
0.0,0.0
0.0,0.0
0.0,0.0
0.0,0.0
0.0,0.0
0.0,0.0
0.0,0.01923628834468383
0.0,0.0
0.0,0.0
0.0,0.0
0.0,0.010491149254815712
0.0,0.012768813077604857
0.0,0.0
0.0,0.0063464943402974545
0.0,0.012751284354026832
0.0,0.015260059921394478
0.0,-0.013393294173252995
0.0,-0.02457246917730821
0.0,0.0
0.0,0.0
0.0,0.01416174202391678
0.0,0.0
0.0,-0.026823662439678608
0.0,-0.016908236365339325
0.0,-0.011720408380364367
0.0,0.0
0.0,-0.01877419618208207
0.0,0.0
0.0,-0.027267346633394165
0.0,0.0
0.0,0.0
0.0,0.0
0.0,0.0
0.0,0.0
0.0,0.0
0.0,0.035832281980684826
0.0,0.0
0.0,0.011742456162865922
0.0,-0.01852243878427493
0.0,0.0
0.0,0.0
0.0,0.0
0.0,0.030101963200115156
0.0,0.01072893802390667
0.0,0.0
0.0,-0.019575779232278247
0.0,0.0
0.0,0.0
0.0,0.0
0.0,0.0
0.0,0.02334510801848941
0.0,0.0
0.0,-0.01583246786736736
0.0010018950827182516,0.062374945151609795
0.0,0.0
0.0,0.014038120317982032
0.0,0.0
0.0,-0.024650460467991357
0.0,0.0
0.0,-0.014649867635494298
0.0,-0.021875233772069517
0.0,-0.04303881847006792
0.0,-0.012842106746890068
0.0,-0.011055180111733863
0.0,0.0
0.0,0.0
0.0,0.020641999019117705
0.0,0.0
0.0,0.0
0.0,-0.011505319440034963
0.0,0.0
0.0,0.0
0.0,-0.010734101194110906
0.0,0.0
0.0,0.0
0.0,0.0
0.0,0.0
0.0,0.014515258288928693
0.0,0.010601668944289638
0.0,0.0
0.0,0.0
0.0,-0.010362183914309691
0.0,0.0
0.0,0.0
0.0,0.0
0.0,-0.025909143033077123
0.0,0.0053342816498728185
0.0,0.0
0.0,0.0
0.0,0.0
0.0,0.0
0.0,0.007544078227318215
0.0,-0.010150726118730123
0.0,0.0
0.0,-0.013658962762644004
0.0,0.0
0.0,0.0
0.0,0.0
0.0,0.0
0.0,0.0
0.0,0.0
0.0,0.0
0.0,0.0
0.0,0.018097868153160383
0.0,0.0
0.0,0.0
0.0,-0.006784731928208518
0.0,-0.026847756767716925
0.0,0.010777517999498026
0.0,0.01540017790663658
0.0,0.0
0.0,-0.03178244486636382
0.0,0.0
0.0,0.0
0.0,0.0
0.0,0.0
0.0,-0.011032019028396928
0.0,-0.01924976314298854
0.0,0.0
0.0,0.0
0.0,0.0
0.0,0.0
0.0,0.0
0.0,-0.007634032340458418
0.0,0.0
0.0,-0.02832179896383191
0.0,0.0
0.0,0.019218890722253478
0.0,0.018301690942876744
0.0,0.01323194236403358
0.0,0.0
0.0,0.01625746835662875
0.0,0.007818376583529945
0.0,0.019285176629672777
0.0,0.0
0.0,0.0
0.0,0.0
0.0,0.0
0.0,0.0
0.0,-0.012863499564779696
0.0,0.0
0.0,0.018214146039539185
0.0,0.0
0.0,0.008433562590026188
0.0,0.0
0.0,-0.02784730667553862
0.0,0.0
0.0,0.0
0.0,0.015489875426174554
0.0,0.0
0.0,0.011668696126032954
0.0,0.0
0.0,0.0
0.0,0.0
0.0,0.0
0.0,0.0
0.0,0.010318775960053175
0.0,0.0
0.0,-0.016853509500080834
0.0,0.0
0.0,0.0
0.0,0.0
0.0,0.011804054719620554
0.0,0.019587223318862607
0.0,0.0
0.0,-0.00910694511256799
0.0,0.0
0.0,0.0
0.0,0.0
0.0,-0.015626748576405173
0.0,0.0
0.0,0.0
0.0,-0.011238678703472199
0.0,0.0
0.0,-0.008358007868293268
0.0,0.0
0.0,0.0
0.0,0.0
0.0,0.009713761674662452
0.0,0.0
0.0,0.0027219398386392653
0.0,0.0
0.0,-0.01799003426045192
0.0,0.0
0.0,0.0
0.0,0.0
0.0,0.01490268083065971
0.0,-0.01127922954788529
0.0,0.01415174071211784
0.0,-0.014783351713040738
0.0,0.024944658576784528
0.0,0.0
0.0,-0.01959821757945842
0.0,0.0
0.0,0.0
0.0,0.0
0.0,-0.009144086790710933
0.0,0.01654648168419965
0.0,0.009572432533941567
